68
233 75
65203 95929 75648 80620 23855 62034 58815 68014 61363 89884 84936 29566 45297 18159 6552 19845 49919 18886 82651 24361 50994 38056 54594 61684 76529 67116 39377 72822 48463 67783 22883 58864 94158 77384 82027 34989 10642 1602 41182 26491 52542 72359 44501 20353 28073 83716 96984 16149 49723 73002 48126 13953 26943 17990 7574 53928 14044 83721 69606 63762 6489 15738 71385 60486 84370 95770 28283 25262 56514 88461 47390 88769 98639 12612 72800
566 270
8392 60113 53337 48112 63239 904 31234 62445 37463 80289 91343 70501 13037 35763 1340 91797 67760 14515 64974 71482 1450 89825 92906 13716 81532 75673 23224 34484 912 48711 3721 33046 87725 58455 14046 34962 16318 71632 86022 56063 86163 64831 8829 71764 10603 17968 94965 16165 66836 85866 14613 71949 24154 34779 75390 83308 11029 54256 967 54034 70079 4985 78805 17376 74626 25775 89095 51660 32065 37734 14134 62935 68975 79782 58922 94815 38264 16914 80697 79702 83768 39523 98614 31833 74061 59066 41392 14435 70584 39313 90315 42756 99039 40963 24002 67933 76602 39586 55025 90698 94034 71953 52841 65566 12082 52544 74904 97940 84832 53685 5854 49086 94733 59085 17797 36108 48137 76846 62033 38343 58 75134 4596 25196 50364 86373 29537 97495 17678 6201 82463 18260 6814 98228 13588 55965 38845 26337 38833 82565 10252 89461 7294 53615 93334 81981 45383 23438 72086 2696 17155 86903 10859 89054 99075 41416 89359 61622 15174 28807 80915 12161 17162 61347 57183 43760 36530 12567 17664 84436 93532 7865 76704 79809 26692 49209 83153 43912 14401 32884 92224 53576 26796 19485 4776 41275 85576 30784 55272 70821 21511 44515 77085 83077 68134 35619 60690 49591 34835 38700 67466 67835 61947 78644 10795 2562 80431 27138 32918 68212 73131 81209 11568 14459 43804 79723 65214 79347 64462 71595 78842 29173 23414 30456 23102 52344 37223 44497 53186 45995 87115 21166 51309 44570 32469 83262 88308 79072 55920 10914 45976 13036 24020 89339 31570 62017 93751 57091 89540 70364 52612 46658 13058 75113 33170 84881 64084 88139 74083 42859 4269 86104 79350 31871 93222 55955 12157 47370 85408 67314
316 226
55874 19235 92734 45424 89330 68092 51259 65157 11376 71985 47075 55014 26310 20218 64904 48515 88757 64358 46041 11698 55689 4066 16497 5903 19065 17371 9600 13769 87109 29628 34360 99688 26255 44721 65175 7726 91004 59112 56026 30606 24752 90317 74448 42129 77926 48626 12078 94063 45738 80578 68083 98292 93847 51018 71680 76044 38603 9030 28034 47767 13219 49629 12678 19578 21900 15368 40782 47637 41591 21251 93756 71013 68985 1853 37184 66072 93231 84200 76779 11938 73265 92513 72918 3612 56828 39973 70723 94703 84170 23895 69617 10299 38150 6539 41902 61658 86685 77494 59102 87682 50413 52317 80375 8446 37133 76573 29640 55024 18096 28442 54001 27335 43944 89781 79359 56351 38193 50445 53297 52101 36348 81878 76449 20767 40043 1910 32913 88578 32506 38922 7152 32462 72445 74885 52935 52354 58413 21621 81105 33313 16725 54039 9794 79323 57317 95325 2640 86660 94774 18495 55697 11253 61631 4095 77078 20740 26226 79996 55032 2659 49042 70737 13679 66571 73761 62644 54607 44132 37633 1333 88947 40476 11097 89386 91318 96259 75078 1591 45114 32457 3889 83915 28111 83034 74530 71317 20489 14244 65990 26928 85097 45887 66694 77059 25309 49335 77214 48088 43744 84755 3179 94807 2137 96728 33556 81348 94497 98893 60397 31953 41167 1988 72022 8676 32542 48810 71260 87306 27590 96874 7426 77505 56212 47273 75062 34616
409 315
51925 3429 88644 66652 34038 89489 45793 52795 44114 37700 10017 24022 72765 7479 4655 68954 87266 46700 6955 77454 67726 71982 56527 89188 58202 3947 69100 82029 34353 61181 79335 26953 45247 69565 67787 21758 74057 54634 84879 92744 8865 92779 16721 34036 40826 5187 15512 24066 87963 17445 39022 41285 88533 9512 10597 17233 66371 32844 78387 24224 82997 96458 55166 94696 12812 67714 72293 4045 88812 69833 16322 60357 41722 7653 15307 56983 90512 47780 33860 73254 20427 12086 55493 69202 430 24564 32930 1692 91139 86152 42112 53861 23010 3512 99931 50335 84829 47527 17062 24087 69730 51178 56547 30851 8572 2004 73984 87441 45676 64966 45372 93088 77559 42046 81949 90997 2829 29695 39801 75408 88463 33532 88188 99513 18381 33430 32963 49363 12588 19472 13429 74988 41014 51334 98713 78587 30239 97691 21187 51964 9228 51050 6914 86559 28988 9930 72750 81585 15187 43082 38807 2162 70989 12257 79839 19263 9791 91818 44931 43716 35582 99017 61932 39991 36851 92558 34274 61959 22768 28384 40129 53958 98740 91079 93442 47187 18778 65002 48054 29740 13684 10185 32474 71584 54452 88837 12477 30535 46186 20044 74784 49121 34597 64573 8789 84978 28504 81784 16011 6710 81244 73687 81176 67804 89275 62334 50308 39753 24545 25769 91062 26441 4372 26107 41545 41181 85908 92444 81744 36305 42743 13024 74465 32856 78715 26446 41360 16131 1468 82423 74574 62941 24316 42773 14052 61189 52658 14107 61656 17338 59640 56123 55574 57367 71038 55244 88829 79881 39598 95121 69238 63318 83802 72795 68300 1095 55948 22221 58197 42760 11681 69052 50063 21152 81533 10958 14823 61069 61561 6958 71220 67752 77904 7995 56032 82649 429 70347 86700 32167 95446 37566 69464 94911 79479 4416 1774 59498 36917 91208 97430 79484 53489 14043 78068 57837 44857 71675 2883 51444 89061 76644 26615 97261 77138 81702 23417 29017 57217 81651 77585 20668 31796 76095 21891
434 380
97643 26516 34688 97266 42777 31752 94237 68266 38108 27708 41563 17748 27621 12039 3448 93712 66292 12366 76386 27106 37762 25986 82013 78116 55233 96162 81814 90349 13810 63592 50087 91490 42118 75909 91633 56840 14249 57747 12825 14103 51353 303 6666 28737 94354 35313 73487 18602 35801 89263 8167 49100 25919 88093 17150 98053 37923 40691 91511 59392 97646 91203 97722 53588 61758 86934 11980 94907 22273 70985 4422 59039 87619 84618 1702 57297 10178 90594 97302 79915 39201 84402 36176 50058 67150 67678 84552 71900 98038 64976 48615 37060 73157 54134 461 13839 37796 62361 46047 3289 62138 34911 1351 16020 15859 33067 7326 47611 64600 90819 27084 69822 12665 81163 54161 68594 11653 79776 70990 93519 55749 1094 30671 14068 2139 79523 4465 42877 37901 41069 80463 23379 71635 5346 61433 39556 21566 34053 49193 99813 44740 18019 58589 72669 14418 97604 80461 56375 28161 19355 18731 12281 92411 80399 12554 23106 17112 79910 24260 34934 17663 55933 68935 90856 2424 50712 13242 29468 17332 71892 41498 35154 48759 37335 20774 13847 82470 61372 92139 19709 65431 92832 10062 24952 11222 61229 24824 29743 8646 68563 27793 91199 1100 79534 67247 39896 66079 18243 8070 50950 21777 41413 84886 75019 98520 53867 21040 53183 15190 18172 34047 28484 39085 21745 23969 94323 6954 76913 11239 36410 26763 58092 4561 95059 57857 80173 90991 54037 81317 16475 90353 6331 5007 12423 94643 50384 59637 67230 49302 87255 12993 78092 21446 94434 35083 89470 16479 16955 17920 92030 86356 81464 87051 96002 27412 62161 67993 11348 61574 86462 76334 34056 96978 92842 34771 25506 15715 24101 28717 46599 95816 17667 10952 18110 90928 87153 83993 54918 33253 73475 58330 18509 95293 41154 48378 38407 1459 79799 43255 38878 17223 87574 43220 89908 25158 30966 89665 78966 12284 42928 92632 90581 5088 15218 87781 94228 58783 93472 37926 40194 93304 75615 83609 37110 92465 76078 14330 65098 13041 21293 93953 10138 88323 31202 8462 42490 21217 59574 44743 37882 30594 55219 63385 67039 96593 28219 52118 38118 87314 71655 72662 31467 24659 73732 59100 2631 43878 12063 60475 33451 53712 50602 13772 25285 75867 83087 13842 52446 69643 52843 25840 43006 63082 94794 34787 90367 77865 46143 62046 33992 8994 315 55498 90337 5963 11970 88168 15388 32218 2440
996 374
71930 69768 29208 52814 14667 48419 12908 44703 4609 47154 47517 43251 79232 43565 18004 30879 98616 95864 99064 72039 43253 64367 17728 64501 85525 11798 59094 85466 21038 29282 66674 3916 20826 22051 58725 16897 23129 6164 18126 10920 76723 78164 26217 86490 84148 58467 7449 54171 72964 36147 10458 77897 58946 51407 19351 68362 13836 27231 67434 52382 60925 77491 53715 76784 79461 84115 84030 68509 71895 95301 86546 51112 91361 4173 59411 32640 56565 47049 43473 80379 46330 86648 57431 35879 63436 63651 22118 74994 34 25138 39914 4233 22708 85832 74934 70446 4189 84061 58975 32578 48811 85007 95270 49130 65536 55156 69215 61021 10656 60016 63729 10145 8946 60069 41640 37157 40611 33135 34633 98067 53512 44631 87612 67454 65751 25273 13384 28370 45014 97212 32707 16074 43222 28075 3787 33749 25297 81712 34267 89526 41872 86539 88857 59461 87394 11071 31880 37996 48678 80452 61504 66894 33523 38962 99712 67830 45278 36552 55309 62203 64374 99171 62102 36592 71439 55 1908 13449 29344 25031 67370 7590 91368 17298 7594 92565 74189 98570 93206 62421 61396 7674 53767 53380 40361 10813 70784 94972 95836 17096 94589 60564 38865 96465 2093 40457 41697 15988 52499 46402 71264 71424 37822 27272 35305 69393 61089 70440 72018 38189 40127 8270 13644 47859 91070 53302 43002 95435 6216 68888 83513 94098 35635 70415 60046 73061 25114 58141 67822 62028 83317 65716 95524 1753 86744 67209 85675 30658 70581 18542 99506 57300 85199 88324 34490 4725 80828 22739 55496 81454 55443 43536 37129 45897 3700 64557 95603 91051 20056 23439 50052 71884 18900 48746 79591 51101 52747 91981 43382 79617 39049 58174 64322 48748 32414 51532 19310 92125 47851 63415 59914 17133 77127 46211 59849 90651 48275 56563 48593 1334 33254 18516 42088 85882 93423 56368 72344 59802 4882 20115 94513 50531 1228 74219 88648 65183 39001 94324 37754 81107 3579 67089 36708 7868 33139 81083 20722 69923 19013 73745 69729 49219 51240 12584 83390 75293 54793 64048 69642 68211 79363 86274 72404 35218 86129 77279 65544 72626 8764 89378 57312 80969 93215 11044 66986 49282 69652 63681 47231 90443 42728 59154 11458 91455 9475 13625 17274 5406 63570 79048 73289 63213 91596 75447 96406 28856 78878 33410 24950 82912 36481 96826 68677 94493
666 368
87657 27877 29741 48278 28412 47870 93845 21358 32031 80489 15700 44595 4907 32490 92690 54242 61539 67533 95159 31964 3491 8302 95331 3050 27067 13438 84759 56206 22542 82610 38544 821 32309 89514 43299 93909 6052 35547 50705 71850 54435 31251 45317 46144 54797 42905 46797 25191 26354 3382 66530 20503 80984 87944 55465 12061 64897 39517 93672 65697 92095 27560 66509 46369 44267 375 29157 99077 79084 66507 66169 21207 40933 40280 37840 13950 35792 99449 39614 95215 30170 47156 92424 3674 45868 73016 88539 72529 10524 29845 50734 77398 64757 11694 52820 90976 50810 19521 20880 11228 76804 75685 4915 69147 23235 17498 60936 63147 94791 1505 18393 16589 34081 49791 38199 90917 51674 89444 90301 84131 0 34593 95821 9821 37795 37782 48018 80639 72169 86402 55068 84227 42261 46982 30646 60463 5949 5040 70342 41239 99346 93074 66666 32472 35607 13904 8540 41469 43286 41481 29839 93980 13233 70107 82306 92098 77880 89073 49980 46533 96159 38852 37997 84442 86812 29735 71377 49975 96382 67995 99798 51074 45720 10513 8677 79439 59362 8862 75037 1944 91398 31455 70574 86277 2464 13452 19792 5856 65922 44004 21509 25340 6440 96715 21536 3195 51022 26161 20746 91713 95340 14150 38246 37753 28294 222 33809 35087 76437 65104 81632 72234 36644 14382 14521 62021 82251 2889 84128 53765 81808 92478 89113 45332 94805 84891 75197 7817 45922 47966 9817 24137 13565 59435 64820 31393 19510 56080 79261 74884 15314 87809 86633 7397 28998 79727 74268 33772 99238 89883 39751 74257 58757 29440 16365 75938 18114 49512 12035 54472 45513 8538 21266 44767 34677 21403 96122 62709 22385 21571 94694 28276 65464 2799 54746 68979 9624 55785 28414 78735 34662 30023 85676 33390 26046 6909 65512 50552 79684 66149 31380 3742 38042 83271 93009 45650 15425 88284 47362 55299 24687 20482 44672 60787 7747 49564 20074 81429 70055 62257 56597 68277 92432 73079 11998 73202 43316 48073 99441 78971 51781 30893 3029 60611 51046 12154 82154 45828 48243 56765 99201 57271 9014 60204 41093 7292 78562 4172 95638 91727 22850 73408 4720 1306 79586 56975 269 89667 36981 8753 88065 14389 84900 88159 54481 80760 25126 35077 36054 98679 96835 42853 59471 33944 51363 9893 70618 38941
693 366
92363 42772 65523 64814 98041 10575 14764 90874 34125 22659 24630 57766 71811 6571 60516 41265 25527 58970 36785 26939 90940 31070 58761 22337 83977 92142 1501 13538 72737 19835 44947 59748 26257 44883 14731 98225 59833 79856 55177 93705 15335 32648 36375 44381 58524 55863 82577 42767 65296 95108 89039 73010 29365 7759 94133 13686 97872 30907 68318 60732 7289 92777 90427 99760 42029 87343 69180 26010 15185 91289 99440 34073 569 59373 21765 13709 45829 29783 65206 10224 78193 77345 19382 96773 91882 97795 71828 47805 82618 18992 63800 80021 82363 15650 67939 39625 74224 34430 80026 92529 76089 80054 2839 61723 36607 67100 59291 10053 86774 81720 82513 67118 74306 31507 84930 17874 67188 76587 25364 65477 54816 2332 63517 70029 79009 5542 29066 67251 14929 27644 55596 54610 85188 88155 11189 16570 32098 5685 83019 72070 45657 68084 90503 69062 64558 68415 45693 45493 64993 80059 83289 87370 47424 43380 16457 42861 15269 5248 33616 93057 22335 66045 44985 30792 52137 85658 53218 14003 44480 93855 40014 28459 279 3486 12625 24064 48479 87962 42161 19258 60517 3775 69577 10348 39014 70576 50718 78436 237 67352 14494 2794 11180 68938 39953 77621 87611 65942 54329 31854 51559 92811 12401 8073 81157 54616 65173 73181 93758 2674 98012 46265 51340 44181 22886 4146 50372 71076 3185 34750 96585 14264 36534 8897 17455 98553 4712 89817 55975 8475 69485 29034 77294 48924 96713 2341 31288 41106 86130 49138 76331 81962 75126 84646 9647 76728 28242 5604 98717 98088 32545 50122 46750 83596 20791 26917 41451 65941 91752 54087 86424 60953 52950 55840 22712 38934 45538 23528 8736 30474 34453 70525 51237 25852 12018 3426 7428 78753 52409 14023 14419 19577 94205 55901 448 67027 62231 23537 75027 72509 95531 54779 71757 58416 72881 72858 14217 57813 37545 90598 79860 17600 57948 78467 87953 24911 39916 89680 50899 45873 84446 19289 52255 56250 29124 16018 2482 77815 83094 69547 29280 98654 88868 15588 60186 40387 4943 72961 85955 43430 36504 49392 25173 2945 67840 18669 2017 96365 99001 10318 2962 91756 4787 59026 73636 63543 35033 56789 64537 92064 81746 3 19076 34799 30376 99984 22705 86879 17982 89259 88959 1547 21965 3103 64113 15970
31 278
89412 5077 8104 64453 61324 77822 20095 45857 38719 91039 21781 93830 12646 28241 30060 2841 72407 65932 65967 83448 93981 9291 93383 71139 79141 98493 88653 38881 18008 98496 58445 96134 66204 48871 55534 78132 63397 93158 88733 14914 9216 99912 23736 3389 12333 35186 36762 22150 24381 23245 33381 16616 58127 68559 23624 33008 66834 69835 72543 98359 36745 45582 15387 19061 23144 61564 1973 96981 22459 30970 75624 2993 6819 80979 12832 34411 44094 30081 12457 59084 35343 16785 20828 63357 44810 60450 79949 12027 99349 75222 11716 78880 78075 62218 80432 97463 54494 63499 60550 15108 29921 91629 24739 37725 32645 16208 4092 73290 36995 67201 61919 4819 66307 28585 24743 76059 18279 51736 76004 57437 81649 61432 23347 26400 61237 37972 55306 86881 98443 98858 9916 70748 57379 12968 46196 69703 20378 98968 12338 92055 840 81539 66865 64648 37859 7410 50976 89622 68764 74050 66133 97151 41605 98364 30174 62714 57461 73230 4848 70468 90116 1673 49181 76962 35468 19875 64162 83916 71698 95144 83268 70837 13387 66236 20213 60629 57844 53494 9338 29152 14176 67412 64281 32304 64744 11884 77824 37846 14938 24234 74420 35723 667 3073 90333 5300 25149 13125 98548 52436 66966 15462 92450 9258 5115 65316 99194 57146 39269 27642 53596 84882 18863 86083 2072 94723 38425 6993 56782 50247 13326 93273 20673 91281 5465 41733 3927 11319 68992 64861 77412 30112 75142 16212 54291 39668 85263 54769 17427 91671 67839 97170 51788 45368 80747 88695 4283 51582 95392 23038 7206 4564 32030 59371 28842 76002 40671 62738 43305 96574 27096 67827 43896 76474 68293 96263 77231 45106 17689 8279 32206 72377 49970 9712 54174 84387 42871 48614
933 358
27173 89811 15319 39568 73768 85522 35395 80986 52347 43116 44583 19102 83141 10379 42304 79953 50042 88269 49036 89652 2455 82283 47680 91562 53328 6546 34520 45483 51656 13907 3602 39726 32783 50695 19802 66542 20415 25346 87598 86239 10991 47662 90616 44693 56334 91365 76978 16040 82442 57873 70783 63382 12739 67957 71014 69070 51622 62811 43268 89320 85472 19749 34460 15645 51278 85265 71257 1085 53583 54909 82133 83623 98843 30760 97424 40828 40362 62993 61404 33866 88984 77018 51235 33173 65084 86009 22408 46017 25713 53636 16534 96335 74450 52740 22644 46169 368 98478 72554 79675 5190 47536 80849 2244 1884 48059 98030 79599 797 21575 73829 18371 37393 33756 65867 52963 16194 5984 98384 62023 58050 39647 52475 402 18795 3977 14292 74480 70668 78059 13177 93828 94188 66385 48662 50904 38298 17055 62006 39816 83925 7972 16740 1803 70132 83348 23931 35961 18760 53144 21769 32813 9190 3656 11734 82230 30069 57280 23997 54373 33780 69573 15141 36809 32059 62485 81361 97301 81126 72724 31704 95513 86113 28062 89642 19542 54315 36293 72640 66967 58636 32427 78946 19059 13198 71188 94220 6873 1411 96658 16156 24762 69693 69732 76792 39778 49662 53907 12675 18966 44976 25444 63563 5613 59394 40805 57428 58779 90663 73852 97224 13876 83614 88924 78455 89939 47375 3712 33144 90056 87820 55239 82654 60105 41759 79765 66485 75397 30696 64482 79824 30623 36116 53810 1820 43750 50613 78126 5113 59343 51839 69219 82569 35898 14084 18250 28110 50294 21314 65582 34072 46202 23098 43454 13488 11789 37837 29926 39275 82570 1371 65497 76280 68324 47465 83133 66676 24846 40391 86805 56516 72078 98855 71072 72545 41599 21791 99976 79435 791 75174 76641 49781 53223 8125 11086 94989 47524 35666 39864 4109 76571 71683 14743 75083 70903 21237 93703 44755 99212 53214 61371 339 14133 75439 81842 18420 72697 12148 49029 40635 30652 2684 31911 14204 49227 31664 38595 53703 3792 89631 76378 24888 84557 2523 46918 62058 82716 39170 39520 83715 22811 88867 60559 60889 12037 63199 18786 60008 81056 32727 75141 41884 82977 19971 29486 38810 11178 70292 27167 32178 30781 942 5130 53501 80295 63433 30852
517 352
68034 81238 39965 51315 36350 15670 25441 45487 5381 14055 2842 59002 64075 59395 49574 37317 96806 32334 35465 24867 9025 37169 59719 86889 44038 89276 15465 53226 36450 8400 63281 31572 46495 8399 70951 75462 4721 6175 84425 8512 16412 1588 92005 123 70043 13409 67281 83240 16481 35901 70168 36706 42232 18499 97507 35479 5254 73463 28215 80921 50402 63554 88019 60126 81549 94169 14554 80856 30667 47015 57974 76255 91616 45781 39653 28272 74797 53795 68721 78872 11708 72797 85328 58621 34590 541 76352 70679 93209 78296 78016 60391 68695 42803 1368 69742 23415 29196 71962 99602 44157 25657 74151 4702 51360 30967 66815 31478 67519 43199 92857 44979 93239 33022 91443 22241 49043 47687 40765 55815 60739 10350 50648 70796 4650 72402 28947 51718 33153 73273 83749 8282 86328 79870 73731 97752 30854 11141 68436 83986 53506 7202 83533 67999 26297 32409 55140 61796 55997 53986 83384 42211 81678 75914 78295 91998 84097 63531 35957 68691 49748 37693 20658 95445 15887 39264 38007 30514 35299 83971 91982 22876 1616 27094 5744 79762 89420 89292 3440 91248 66677 71484 29204 80092 19805 50380 232 58871 66145 67426 22253 80706 11538 68052 41914 9193 29573 73308 71660 30645 97222 98918 82493 8680 87403 27274 99096 94506 91651 68230 78185 80689 30665 35925 59759 70911 66940 34698 69345 88290 49654 18851 4868 61789 92026 97908 68553 92585 11700 53813 72763 87293 45662 27942 74366 6893 97769 94511 92872 91174 65083 89741 93301 1311 80086 69719 99598 39427 31439 80250 93419 50820 77618 39422 8562 63514 39815 95020 28142 81761 39738 71776 37316 51475 44315 70127 65809 65651 33674 25012 20066 39993 83611 56901 19408 23942 64912 94143 60466 68946 73040 74851 29119 70997 91415 60431 46934 15067 55798 34769 17649 92087 73628 68541 10035 83223 45527 70370 43805 91728 49814 35042 63450 86503 60660 92828 73107 40452 60028 57305 90 52297 17307 81504 7277 24118 31161 39102 84002 91801 62292 24165 77634 1633 18947 22404 74383 75259 47361 4834 74393 87010 19576 89045 34143 92702 80114 33989 8336 37627 57150 87165 16513 17493 28758 59682 80439 40876 48976 89638 21683 93463
100 350
12352 16231 43948 73771 37378 29824 58126 56673 921 27598 83680 80790 68065 87195 20392 52208 58768 94718 29023 5711 35591 94074 46937 67866 24870 56808 51770 75756 62625 43217 52221 34795 73957 69873 10212 72387 86173 6417 66042 1392 12328 42681 48084 11665 79743 71965 18330 69744 27994 77258 24494 13797 82296 75901 71964 47817 67886 68396 48491 89081 67375 47882 2452 25493 37501 82138 22308 62751 30836 37516 4797 74213 55673 52184 77554 20651 29730 61035 34998 37954 70313 24023 77272 84510 46073 44293 41099 57637 27990 84973 11959 85073 97341 53075 33029 78871 28533 56183 25966 58678 56129 85099 10215 3917 38346 31149 14310 18924 93077 12117 1156 29444 7200 48202 8160 62744 63084 87560 201 45856 16237 40386 36163 8795 13532 92785 77118 1725 68883 32187 33645 16873 12979 70106 79018 39413 33698 49635 26011 39931 44007 42176 48587 94515 62183 14771 66077 94203 97250 42113 61831 88379 17278 53706 66271 29881 95544 43407 81737 89881 84253 64463 84697 19655 4832 58603 52536 43475 44750 58380 89508 90828 27163 86612 45749 9936 78984 26160 6356 50236 55021 13937 27807 58201 50373 81660 71789 56387 565 1546 48067 49638 40683 5181 81935 50343 79423 97052 61351 54614 26211 74064 59225 38248 30090 35555 58449 36548 36260 27539 85088 84471 53307 88071 42231 82464 17774 91718 9482 94288 27362 24790 84299 43754 87740 75459 88850 65672 9326 9771 14415 50175 2660 82131 53295 31645 93861 96475 51797 15158 20375 34414 8670 89180 88226 34503 31537 68742 60918 81197 60392 98956 47979 48171 86398 35527 52711 63144 11481 43363 90474 8395 2404 50319 69218 23030 61708 94353 72386 57003 51165 99211 13181 64512 58798 59772 91677 73632 16024 95785 83539 99316 91171 21480 54718 48774 32190 89951 8301 6443 96454 93251 67946 37985 67644 25600 23352 12111 68779 75106 81438 29194 95877 4896 4281 5052 80302 52231 36795 87037 33716 47158 78503 3906 3952 45041 22145 95958 56332 84119 75076 47769 59073 15732 41042 62428 13305 74758 21757 86908 75688 48461 60264 36424 47731 90033 73168 86656 12685 67038 33181 80659 36123 41145 59840 86375 65408 77241 96167 71097
341 120
28003 14686 65482 41301 45129 96614 53996 40966 44689 29940 9595 14633 92745 78635 26655 47458 37249 25253 84023 21177 84171 84051 99303 63250 8588 79023 23306 21734 78848 20099 23903 43737 36129 67863 73279 23600 3737 34033 65594 51393 37193 31210 21145 61612 74441 17687 19563 3639 7386 5531 68469 10858 21654 43371 87751 5833 51588 28840 45193 75715 28734 48722 63895 44657 98711 16991 72513 48060 38255 71308 90078 12380 92431 7179 60032 5364 74611 51085 75772 95907 46889 53654 22573 1748 30553 14780 67848 86710 22584 61071 85489 12710 22436 49126 7692 19750 25010 6067 78504 84457 91236 49397 35543 14836 12091 61447 56784 58013 20347 7337 89563 44119 24792 43070 4105 68165 29000 66431 19692 2310
284 324
41595 69438 38253 19524 85257 71469 94647 34155 46286 35583 57309 12062 42030 49913 85855 2608 41695 69339 40526 96642 3821 31270 1757 60401 26433 95904 33719 28126 91234 22291 81775 9717 39265 83025 15264 17195 31713 77835 82661 67249 3769 97632 22193 82930 29195 95314 73137 30117 91278 40642 2860 93248 44504 65326 66508 56464 16974 97690 11149 1924 94861 82556 39222 2935 80409 29796 96487 92148 62715 53978 12168 64722 52018 92617 30222 8701 19528 34631 46312 1229 38468 83540 58222 95616 94724 33396 35903 73240 15252 95457 63217 65348 28201 54582 89956 61120 82766 76293 9870 73793 17050 60499 68330 40967 66299 96683 42001 90147 33862 29520 99185 78428 79495 44762 72515 6328 72101 92325 81309 9667 4494 59302 25507 84204 34578 42477 40744 98188 54802 56298 6119 30468 41458 23292 64639 15505 46693 12579 50150 13774 59728 88061 67976 83618 136 41609 5320 15064 62608 17368 53166 66668 20996 84728 1901 80018 72260 33034 90814 73380 52774 77126 39518 5370 15799 10189 76180 94329 80732 70191 99745 53015 53205 6772 17458 12505 3501 6768 58644 44074 84414 23304 57298 27034 30693 30543 41566 83024 17684 96581 84710 55093 87216 15880 52695 83056 63363 7859 27853 68162 99457 77752 48500 49310 38635 15035 38474 60160 4996 49600 44918 16124 48181 73275 38410 69304 50932 46262 56409 87379 16498 41673 80515 48161 75799 48138 38668 19987 54280 9877 12753 63677 21555 13320 34990 27951 57255 54069 25739 93848 57664 46914 38621 89079 50406 31775 3343 60195 14355 53204 65520 7675 63439 63264 2635 10066 85771 94215 17508 1849 34507 3831 24524 97345 66403 70065 30635 95834 12635 67825 95329 91743 31837 99800 734 65280 49624 79590 52934 71467 59261 20745 45439 15379 43491 12200 85006 87386 51251 92403 95318 31358 4174 42045 16658 11217 25479 46131 47838 75349 91588 85968 6742 98565 15053 12088 73668 50411 78899 90022 78365 9239 64441 90880 65413 49562 43850 11994 86285 70973 41412 40218 24222 27972
388 322
3963 28754 91626 64055 57211 20400 82259 63732 10418 95865 33624 26287 59402 22571 99219 16275 79410 37477 8727 21556 46643 73186 45334 93361 13561 4951 72129 10052 60944 70243 82057 81840 23787 69794 65552 69191 90306 839 53418 16369 35810 92016 61233 44818 42220 90202 59059 59185 61884 21260 47289 75316 3351 50334 55202 79478 47705 63794 75274 95111 77035 33964 35758 42203 91876 24551 45807 89319 1928 74117 99389 98184 3057 9343 66382 31355 51285 95936 87070 75803 58576 50453 33375 59071 93738 40742 99263 51126 83641 579 87834 53123 38341 83191 1170 41018 80724 20662 30261 75232 7168 31010 38331 19960 68493 8851 76479 41164 42060 15469 33373 51383 44336 45640 1617 52680 18555 35890 46633 72015 64044 43308 19023 44619 16788 30843 72773 89509 58129 66395 70849 17242 30825 64233 36707 65834 44189 92580 10223 22496 36049 29604 67138 41746 52571 56631 86404 41390 66687 27497 22897 37590 23175 94640 82308 60581 35032 60309 68795 33752 77198 17742 5105 51378 84238 59354 8735 2252 86579 78833 37198 82515 88705 83751 199 14240 21869 68977 92217 20848 87197 37520 13239 86307 34467 92077 19276 51548 22177 21680 92972 13701 74723 14480 77055 85815 41425 74993 5246 44257 68246 10139 37436 80919 28112 83683 94086 3410 11047 52796 88796 42326 9414 15906 73503 19673 2986 91141 24199 23536 83233 84045 19050 99552 60076 93929 81831 49999 13000 82355 22271 17807 19113 77971 54966 63378 54665 83403 8844 20080 89044 9096 83806 50449 61736 98074 95867 47393 61861 93179 92035 66801 69348 2308 52000 63664 48415 85210 28575 29107 22204 74327 79939 62886 19404 76569 98284 23689 30423 1606 48317 16193 92285 93338 40993 62524 69778 45604 44144 50388 84480 45914 38755 45795 59080 22121 27340 52882 94816 266 91344 67259 37529 58979 29655 18135 7323 5727 625 64794 22214 1541 94254 49704 89840 92595 40030 31535 68315 53529 13268 99630 8681 57931 41842 56439 44168 16173 17008 40259 1412 41931
927 316
54745 22667 10275 99327 82773 50800 39746 68024 72799 80270 12348 9194 31051 35581 71648 67016 47572 19155 52737 15997 96045 41688 40106 18405 21277 64002 10705 95617 22723 62712 54936 27380 79180 17396 55800 95731 13085 39436 73507 60868 80902 67694 75143 34454 85586 52828 47153 79384 65975 45215 12 33201 7951 16229 92253 91666 84133 74930 70242 33684 70610 96690 59370 98854 40860 41153 30298 10988 32839 67042 62071 83939 37785 58752 82932 42840 65177 74433 6521 22530 33998 15811 51288 10984 33879 67709 39109 15204 1556 80090 75706 94231 48323 81946 3532 1611 50863 47170 53726 95397 52504 55737 88976 70717 27649 50055 64840 36821 3959 57622 81289 1714 54926 98745 36865 18257 66861 39867 23435 30043 98595 96272 39803 9288 96489 42279 76952 69148 76362 36165 2106 14197 56877 67894 17779 52433 69989 97945 80063 99952 1366 3848 49807 69954 84039 86718 17528 21432 4388 6495 33459 74100 58685 28342 84885 47144 81726 76654 38160 52057 95426 66328 92974 51477 7647 19000 14519 6460 15254 54597 34628 59660 43599 53016 81184 9162 62497 68422 4051 70984 28090 39334 87735 17039 71639 7105 85326 55232 86061 90826 62045 20174 2955 90100 33937 52919 39613 80015 14772 28681 28999 57678 419 69808 62910 11016 98757 7249 24054 51678 60099 75992 37098 44917 32889 64105 62431 99234 46206 2199 12482 39593 77857 67790 47438 74999 1495 80342 66645 18961 11822 92155 31925 71913 46977 7087 68869 96310 53058 57463 72061 14555 41944 82317 7607 86512 96267 77710 54894 34972 38697 82720 57438 63863 82998 87133 77420 65212 97491 75754 20979 43366 3411 90920 66932 59930 62147 21041 56738 45280 1115 90052 22422 69402 2664 28765 36973 76152 55642 3855 86403 51587 57901 14966 46225 30211 70097 57057 92122 82693 17580 37283 43544 8777 16157 22711 60291 52581 24784 73970 36695 35445 22869 57107 25791 14696 97225 44231 83856 82116 15933 5180 7831 28786 29897 85084
260 308
57242 41571 43606 93534 24050 65071 93679 10160 59376 65715 47820 85891 46657 84507 54738 37940 42487 34916 69488 59569 51706 39274 17648 29831 11028 30087 80696 66773 13537 66582 19719 15228 15356 11640 27268 60232 52980 38689 63015 56380 2627 55236 90782 727 61627 59374 61378 48240 64745 33109 58659 33834 35693 70886 9324 19713 38667 95919 52405 62202 30935 51094 55962 60633 92952 34487 29684 58153 5795 82143 27477 101 78566 87631 15172 90866 95930 20743 85763 74561 88157 7422 86676 76466 61139 58624 6183 35437 64723 75560 53463 68920 58912 78657 16630 38173 44815 82886 46979 86074 70897 96674 85508 1577 19608 64847 39866 16792 74887 26092 5123 62694 77755 16305 6976 36922 43918 73021 82617 87857 18165 76297 51672 85358 29916 60321 95900 90643 93409 1444 22623 13414 86851 68041 40787 62224 99640 97464 53124 89102 54963 56852 64341 52162 59505 51833 80335 28376 82375 52686 77455 17322 84764 19438 23280 34195 13944 72177 10852 4155 94701 89742 69712 72585 3820 34338 18978 18973 34301 45376 91235 61030 43705 28868 79019 24349 23131 93520 84599 81119 31494 41887 26834 72927 33415 59191 13794 11889 61458 29971 88129 45281 44580 96169 25812 62166 58273 59898 50880 57996 9071 94776 68204 11781 14704 21162 36101 88339 48034 25877 35775 39758 73983 64195 44273 25146 13472 61402 54938 4755 61533 50165 96303 94553 75668 62620 37542 76184 26604 88550 36037 50184 62439 84906 3244 8130 41119 76272 72094 4921 58085 46575 25860 24683 9101 66067 31724 22183 5948 66716 97294 62884 53750 94863 89066 18526 47633 90388 12877 12460 72486 1793 45452 94067 79716 21484 26640 75205 9201 33967 69143 44869 10961 80418 53631 69446 70848 73998 63346 9191 56302 41474 94810 47018 92202 65743 32664 63745 77678 69217 44624 78160 36631 97811 47482 71321 47858 27696 44343 97383 85485 73292 48671 57824 98508 80458 20454 88562
861 296
93727 54112 79321 89813 10596 34204 97896 11102 11536 50394 74528 61788 1895 99709 53965 15924 77057 22577 69532 14981 79594 51642 49821 4287 13665 49848 28136 57786 39855 52368 13659 6528 20929 59528 31636 25348 11346 25541 12110 65279 11601 40739 44938 95299 56278 55597 74320 13141 3463 4370 38326 31564 18212 40658 89478 68892 11865 20273 11647 70536 58515 87192 39193 11594 87366 80598 51760 88875 83950 27025 16204 56205 44573 38107 47669 56692 37002 45119 61044 7906 13577 20210 83649 6255 39540 23940 64511 33733 67093 78631 26380 45549 41542 58130 24103 52435 46188 18352 61678 54180 31817 39248 80519 93717 44332 57690 17696 64012 25502 57840 45331 13365 89466 88044 48778 75485 773 33272 23763 3069 63115 29137 48459 67430 63379 11158 92085 19361 4332 97215 50265 29043 30098 85324 15145 96994 1804 24919 77698 45154 47470 88386 31304 48439 3574 67054 55868 10945 86895 35503 30878 63500 24426 64210 11826 24024 27331 16701 4740 99974 21747 75110 35070 68557 56151 250 94310 93590 54622 80924 28346 91460 48591 82979 78686 78640 21407 34656 53191 3154 1278 36574 99438 68077 66224 6487 87957 46831 25135 29739 11293 6506 95903 22453 50601 19665 82804 72335 55372 36309 27153 26080 42750 22237 57061 69817 90282 96055 23061 40130 42340 65934 60961 9894 49609 14305 39156 90278 42165 54751 10617 2678 64160 66264 33473 55368 95452 77359 89065 89218 26235 19217 15195 18355 6876 25079 14374 69750 17263 25048 80085 29343 14074 49152 27397 49476 2304 37936 37088 2771 21600 51919 72688 4219 3009 99857 86975 50514 56127 45669 61630 83899 67537 93376 49558 80991 18772 47484 5336 97088 80329 53167 46552 25710 36625 61597 55898 29512 51887 70769 22625 9160 32110 46104 9267 30006 99114 26138 78449 17404 40209 37902 63935 20530 22282 907
589 294
16232 22490 77426 84228 88621 28293 21696 84733 61835 55512 26355 10060 58325 46623 2142 75264 4698 85978 84584 23972 25147 80240 47724 5831 53497 41815 37677 29207 66048 55522 31890 36564 26575 122 78930 99248 15726 37387 96648 97372 28109 19219 22986 39710 52930 57590 32345 56958 4468 69796 70215 5228 44630 87817 94150 58651 94841 79763 6434 70277 75753 42491 83216 10290 31946 64899 98729 53797 37967 89384 59406 69280 17184 73123 70614 87931 13271 57366 6743 36469 49224 48376 9934 88932 48928 55928 85081 57454 42854 89393 6872 74098 99435 24836 98009 64590 85554 88994 80916 54453 872 2701 89791 89974 50397 1618 73850 74449 73530 72057 30282 59462 20150 77767 91864 4515 15596 38587 65908 34119 16526 45791 57632 7638 96010 79353 94263 12075 4491 33165 65843 63980 90844 37946 33711 28066 94027 70766 16197 6538 124 54166 45027 30349 71441 31851 90936 31228 14270 62343 80172 578 45364 82038 95646 55435 96078 19097 88805 55101 90200 6004 87774 61183 96546 43914 18364 39716 31850 49895 32912 53823 95374 1309 69578 99599 89920 5096 64304 63004 60728 70208 77942 92377 3372 16394 14602 29101 37076 57667 10643 94360 89288 91130 65844 86756 8365 41428 85332 15197 53303 56973 70761 4745 69490 93034 4358 8441 30777 46694 53031 93577 52883 97120 22426 2697 35471 15795 88652 34344 62736 56431 9004 4200 23354 50217 63491 66436 11558 29856 94334 58847 38593 50838 2178 34555 19512 48958 10561 87414 70814 31254 27896 46678 68456 80923 19501 58812 20362 18283 8568 13529 63813 64698 47544 12187 74384 74038 90273 36834 39151 84320 27504 69332 86215 74895 33453 69134 74794 89270 8346 8825 88292 53690 86609 14108 74655 1338 57611 23286 57674 26814 6292 73655 29561 11910 31707 64380 80585 99804 64602 87732 16872 51561
247 238
63292 46720 54381 34259 91468 22176 73488 3750 2783 81902 28009 40206 95500 50743 8567 90823 18214 46935 91362 65950 5875 14447 92563 10567 61827 31926 58738 90566 20236 91412 82579 38948 25132 39421 15118 86950 25068 20741 95328 75103 99139 40913 65095 62178 1499 39403 54387 22133 54086 69790 51417 12310 67603 71517 27107 69381 45714 41858 57628 97344 69033 8319 51989 19161 50207 815 42805 84174 32431 18729 34474 44607 89797 95473 51145 46717 8597 72824 77547 56814 59424 80824 54123 34092 31733 71494 61556 25874 80935 5372 47968 20787 25232 90324 82294 86962 78785 3619 78211 25440 25235 56286 33871 62713 17817 59828 58993 60597 76900 62255 28050 26137 61834 54973 83131 96904 95838 56536 39204 49751 21304 27050 43654 93517 42475 62942 37740 52535 3305 77581 65517 53179 99985 55420 21947 69260 64826 58844 38201 61950 54144 31024 46338 60012 44359 96541 42658 70526 55300 1384 30317 38252 73243 28519 48353 17615 19458 19399 41824 4121 88865 46276 33422 38304 90272 33659 7608 38159 98139 97409 62403 44660 72690 88256 48023 4412 37165 53575 62659 14647 81041 96077 18703 37601 8576 84497 77831 81081 28673 69548 62240 41484 86347 7017 12823 98462 61103 23214 70382 15520 39128 68275 48029 19004 8015 67032 78734 6149 9032 41616 91819 64668 52806 84388 42214 70328 21281 55451 39952 7127 37909 9684 78817 79457 7212 18458 95742 88748 92882 18815 17221 51349 27410 302 73490 83466 37784 15803
639 286
34534 75804 67905 50301 88053 46405 33092 19081 61721 72741 56820 58383 4479 71510 88327 23814 83681 6847 12990 82836 61239 54618 211 66146 42839 62246 21851 73419 62624 45072 83769 40219 16144 15586 91290 87144 57325 93721 39374 39081 17238 59113 90259 87300 22838 6353 26561 98326 22377 71026 41065 73218 85251 96180 41994 68310 95364 6282 43291 34929 70683 32712 67068 30266 30451 28398 59891 65770 13092 48897 483 20395 57422 82921 465 63535 42021 24529 58119 20721 26051 21365 91907 75381 43570 8570 5818 22624 28200 41133 9072 66914 23609 61902 59612 53858 56826 52869 38914 25556 55210 53125 89885 77486 32569 85111 17952 3860 13933 25178 30980 90535 73170 50818 74911 96100 87972 46749 86345 63718 90588 69182 2756 97867 52731 64718 71612 30242 75823 97012 16254 95578 17088 29706 89816 47064 59365 96356 59487 41429 36249 28328 92926 97063 49345 90636 77699 28600 67323 28360 32973 12777 94716 75644 49679 89040 83018 18640 34632 51514 7004 73914 85462 4107 83067 28829 47354 30568 25605 70563 4782 45059 51809 24966 67988 27359 34473 40481 18242 69797 43182 74385 83404 17645 43067 74222 33217 92417 30387 78617 99313 71560 9824 67147 51335 55595 19640 17554 47956 40178 23141 37224 85080 19612 66068 96407 4210 55073 97634 4293 11316 57315 57011 38205 98964 1136 36122 63220 80813 28159 38682 29009 24771 18220 2144 31919 7170 83693 91632 29415 15597 22410 79452 19496 88446 61638 25801 5590 2347 5975 99350 37771 84977 86918 97039 99051 70325 46094 60558 8363 98121 3876 63111 62988 62122 81213 54561 7485 54899 37465 82194 71148 37653 97622 12916 95982 65063 52084 33827 33146 81926 36768 23077 91557 79129 50771 66161 28429 42048 7474 33026 48014 27500 85692 62424 96206
242 170
94725 96865 20191 69951 15689 93438 18451 63767 77582 5870 78954 40948 49174 84005 71910 85877 36417 23496 15998 94705 40394 34924 6136 81996 44600 26466 98423 49547 75252 88412 92467 55172 67593 51691 42511 91934 104 65278 81625 63075 9219 41876 49756 4377 96624 95296 59270 88404 27691 84292 96781 5084 15076 481 61332 6003 47879 66289 34329 80862 6266 24818 71813 94394 29132 98441 17024 5931 54158 63064 84195 25171 33364 5660 48619 43398 90570 92933 45930 3786 16347 94757 14607 53320 19066 15059 79920 53963 53088 78544 10895 26544 29481 54731 11812 57836 53231 50317 33638 60107 8923 45413 67911 34971 53136 11331 35599 12435 43758 47442 22996 40346 26568 53026 77616 36182 64978 38221 23206 69834 34008 70020 5609 64039 12546 90364 92904 61062 36540 59530 58919 12518 69741 92629 90908 32637 37892 55520 20383 33401 86359 92149 41395 14799 97427 12896 49056 93575 18145 20339 17933 61215 65383 94339 27769 38924 64947 45038 65180 90722 78572 37570 32858 57563 16393 15635 30964 23309 12081 1303
952 282
85082 15413 11210 68635 39968 72951 90919 87646 61799 66175 33683 64853 57066 75014 41608 73494 65610 87689 4029 26335 61588 36654 80883 43773 66104 79735 51604 88121 73071 39509 50276 88384 37473 73939 70497 28693 36800 63622 71114 49813 24605 36757 35140 365 12071 99732 86645 45846 27085 22528 39433 58420 40690 59916 36812 52599 97475 4562 81729 21596 63411 11954 2873 8719 57313 19395 98910 90956 42070 79057 70040 52299 92928 96819 13159 75577 8269 57625 49551 85307 51895 49277 36715 7395 14409 72589 65422 84503 37670 79678 27256 64755 84159 89423 42239 51282 64532 89067 33172 9737 13746 82376 32424 46089 77848 59046 81201 13768 17352 3197 98658 40076 75446 69612 19961 74370 93643 90445 30346 46519 52888 56586 2079 18716 55204 75572 20906 62316 2143 56373 6158 6425 95438 51401 83810 83987 11714 46358 50509 5519 62369 42986 50621 2840 78058 28225 53838 46638 4542 37523 1417 17035 13869 76012 31694 5681 20021 93195 99135 58162 73442 55196 94708 52391 87775 26534 33751 91017 27674 99274 5218 12106 65290 28775 53038 47306 34506 31226 66005 63709 175 97782 51707 12467 88163 24240 31152 32782 68839 71421 74439 76620 63178 90808 1890 75950 96787 70340 7686 59485 37243 78960 57955 89153 6750 20989 84663 27672 77415 92113 96580 71219 9060 57118 15075 21462 82326 17566 36930 49460 88592 46796 17340 25361 325 38985 46106 55509 64120 71301 51813 87282 99842 61225 55248 28409 79087 41259 75617 5689 65794 86804 12762 66099 75012 47983 86395 46095 70661 80926 5637 41775 65272 89616 88623 27763 94219 76518 18838 35197 12878 62527 37941 29269 30076 48153 96478 82224 92948 10763 2427 11182 32796 84047 42574 50857 84943 6853 50046 26940 43158 76623
82 280
12655 75365 76087 3828 71847 37587 40468 14982 95143 69230 85405 35251 52304 6672 18407 8977 15338 28619 40959 34745 6545 19615 24615 87600 7807 69945 34696 90703 99833 59174 7622 49074 46067 11451 48629 83799 94801 87991 61562 34807 71970 49994 92980 85925 77654 14588 64365 60385 17417 73652 49038 63572 85426 21766 54858 48690 94372 88745 96582 54790 91048 65965 6705 74969 54962 51488 80559 94345 95648 29031 38371 1164 41184 16825 61364 62789 89020 59915 3975 53435 83882 81338 85672 81071 66872 76265 83183 81296 27242 66419 93982 40696 65129 50992 58915 80492 69533 39630 10634 11583 96716 37973 57908 19086 14413 20064 33358 19544 40175 21839 18974 11946 64619 44476 8173 60501 81613 63589 10465 99358 82527 6239 50395 64832 32971 67682 13010 48969 60826 10755 93607 51388 42879 60859 5398 59519 37825 80101 75095 17097 9879 21283 96280 83570 79367 54537 93722 39261 51180 3857 78828 93949 18621 99715 66762 37654 280 76170 50033 89131 79320 50031 92737 23793 60523 90344 59153 28335 3163 94165 23375 25592 45336 62070 51045 91118 62994 52122 87527 16933 90162 20844 90787 88018 79158 82599 29438 14835 73204 85070 29917 40032 32118 70727 11321 88847 81424 62996 49837 1037 61592 61591 32501 90210 98252 9238 48256 70739 68773 13523 62508 15318 28609 93071 36435 91375 40816 41692 71420 26947 95887 85599 10548 30407 836 44011 97236 86124 60864 31895 45003 13424 14908 93706 2514 24855 50504 41792 27492 3508 64504 63871 34938 66429 69359 44155 68990 56273 45126 72312 53147 46125 46589 2607 85590 28579 46996 89498 99517 10902 28436 28549 31098 75359 70264 46226 85053 84837 34115 8114 94666 31909 49339 30121 38241 27774 90032 36427 73144 31458
903 274
18138 26346 3713 44887 83580 21037 84198 74632 12375 49400 24040 43243 23561 98464 17140 78005 8593 72551 91591 66083 53920 7620 25183 51958 15344 1043 69110 76030 27650 49071 78497 3006 87700 9547 81093 64142 21125 47975 19694 21921 76883 84555 6989 82144 99071 68636 16586 21728 49684 65750 70978 57673 89998 82718 44686 1975 80992 49034 15054 55820 26888 71787 61975 81508 28243 74642 93309 19714 57490 48391 66148 75101 65948 5240 78550 51740 2096 17860 762 10598 72553 88752 14308 88119 60794 72468 25156 35041 619 29837 53453 17334 26110 48921 54160 13652 78308 69453 95277 56982 75588 30550 82697 30871 30787 10419 34059 14115 14257 34726 40103 43408 3635 58448 66415 73794 1627 2150 12980 93675 31942 70172 91499 8193 97636 75968 85778 50059 51352 59546 21416 34253 24613 16795 40197 26078 14736 52697 34655 49244 28855 30937 98450 94166 12943 55581 20045 77230 68619 83912 77431 67690 8760 16401 81675 89154 39868 33650 76659 24536 32348 22330 26713 35417 28477 40198 60569 6107 1071 4681 98127 47871 48124 29394 75213 68346 77033 47329 56579 48563 75114 28777 471 96882 35994 48231 14481 18700 22737 87205 44988 80887 14591 6054 63580 76353 53257 78283 97057 13623 50625 51575 2934 98250 62083 60742 2499 36280 93076 3580 57085 97100 28257 34057 78577 79351 58182 36815 29285 84337 70441 85153 24845 74026 6959 42545 57938 79211 66336 99799 77519 56929 13594 45799 2126 10362 43825 55887 66425 38888 34355 24754 18463 15534 55162 4221 90435 77877 9604 10271 76409 86003 89627 59970 93274 1448 94163 99392 4707 96513 63443 71050 80360 31978 66922 22989 15673 5373 23784 85551 23019 79456 98177 99366
837 268
47720 20684 60802 47834 69914 21201 31324 36221 41112 89021 10100 76375 60324 39198 13162 56835 7160 52330 95655 60524 33483 4156 38871 80652 66241 32775 84782 88645 51038 27536 30794 8515 7573 38684 99522 39317 52767 63669 48408 30583 39979 11474 9215 82840 28303 62900 98569 88153 976 84372 75377 95148 22570 63975 76963 40783 38296 50827 75149 20328 44411 33334 43960 82721 91260 82711 27414 7102 95398 77050 68011 93688 13698 29634 48433 24253 46699 17286 54520 38126 22788 38793 70113 87026 76839 79846 56875 7818 51750 94440 36856 62416 49924 5872 74388 6531 11713 89724 66399 50131 28190 74204 27533 92955 31593 33031 12340 21885 28790 91700 86802 81051 92662 69554 11304 48670 1739 25107 3746 7963 12611 91615 10845 78651 57382 88425 83868 22963 82104 62496 14883 37310 38610 66520 57139 75348 42295 68622 39628 73574 4815 8599 87235 56369 68313 38925 50729 96821 5605 77342 73112 75930 33359 51636 48007 83813 70740 95013 74915 46153 30828 46555 96610 58329 94788 70284 43810 51114 355 78701 42727 59859 93078 66754 48148 15750 58071 81677 32702 68036 61892 87358 96405 91582 13898 50210 97140 41879 11742 56842 70593 67098 71071 612 24633 83044 5786 33500 23504 29293 74175 79707 4837 20574 13083 1122 49023 71205 30591 45434 78959 92994 61865 2915 38670 96534 7057 92940 23623 59706 46275 67751 26375 91767 10277 83188 6821 56456 98567 54311 19675 27141 41310 46354 69739 97548 94665 91231 11370 16628 48196 76837 21443 88171 98306 22630 77226 45430 19536 27241 23353 10862 495 44338 97435 60754 4792 13130 73229 98502 18698 11564 63929 1878 50691 43458 48789 1594
239 266
23258 37297 16712 71792 46014 97496 6564 29962 12935 6854 7646 17995 12087 62254 63267 79373 66028 98706 10236 70695 35463 25349 13259 58165 95730 7301 31721 86481 6297 20117 48876 84928 72544 95407 97874 36969 22163 1465 26292 33511 5901 58306 98160 24392 5699 44778 7690 98117 20596 18136 80859 65351 63074 56992 44809 71745 56538 13728 54774 72313 82066 85294 73759 28872 33945 15401 56147 37737 5672 79595 79139 26093 67265 29117 90457 37014 34450 76402 60118 71336 9175 22865 34319 59639 86841 40384 25536 59452 46677 16659 64954 32459 83786 85349 43005 88985 1926 53640 66492 33445 35976 11507 52389 44866 28017 46306 23402 70803 33728 7055 49061 97081 61765 7313 68765 10666 48233 34147 76320 25601 99415 8305 69601 63400 33502 64146 27939 738 39823 78357 70358 67972 69819 31322 60608 91877 36765 39949 18590 23995 14815 5954 82816 16094 95869 89972 67475 71167 72120 11171 59162 2169 22110 16928 31956 86773 65588 95246 14513 61176 55104 33379 94864 8824 86848 6336 44210 90628 68176 70840 7345 49016 57055 10999 83758 49350 33832 90021 11467 86732 2433 88369 93125 27405 78165 64883 82369 53261 81889 56849 29312 56132 27301 92048 52376 35576 74790 52620 8805 8422 29516 95309 77801 33235 990 9242 46835 47234 71302 99166 73382 77921 49799 27605 48639 26506 99063 59323 70647 31319 74609 97737 16148 2190 18522 84383 53398 23740 86977 58240 10392 35995 41675 34910 93544 83600 24872 7561 30449 63522 81259 74112 6105 17823 87639 77052 65602 31760 66514 14685 72894 34172 94482 41506 25214 30844 31131 19509 62317 38758 71437 6327 78152 95210 38513 24420
267 262
64586 3755 99703 18471 62447 89522 91828 97153 43569 51950 38602 34357 42091 81545 36519 98562 66906 22470 64395 63090 79488 54628 75641 92767 34368 13097 40679 43913 46387 37682 63792 31303 585 34968 76966 40997 36437 174 25056 93044 52453 31542 37928 85386 67326 42742 32974 73911 22666 85171 46166 49144 48919 2024 98747 54506 56994 1801 62931 37016 30925 46901 11691 35706 77575 93734 18512 37483 38103 60315 2451 8242 62957 81131 1943 37052 40707 4181 65956 13202 60456 25177 19978 96747 10349 59426 73194 12988 63849 99464 19769 72163 58714 14642 352 19153 85671 70590 82927 54316 75937 5520 92698 4687 62889 56960 2030 94583 67717 26831 43212 68191 59976 28064 12885 42146 68303 28249 36531 71106 80917 94450 3578 19228 71731 27693 58601 52854 41354 74641 91623 64982 9367 48616 40755 33510 13656 58756 7076 6379 32352 83181 24873 61925 21635 99579 49569 60652 71406 50999 78259 17796 29380 87650 64093 29965 54542 74310 89566 75627 10810 40559 91999 93877 36222 50842 47945 30352 80222 94204 65518 17324 63914 97535 11440 50793 36307 25984 50660 94600 87333 88387 91346 2667 5325 32743 63755 67279 16346 34883 63912 12376 55585 68504 56175 9151 73927 48772 35088 23097 45323 33581 60442 23584 4887 5694 13158 49255 1251 81345 70413 16595 17061 50377 59939 1749 23390 14946 33630 400 70652 2656 47311 4009 94852 23665 31188 29945 71732 29870 23241 39430 85497 62946 15615 34065 39369 71337 31509 63270 57093 25445 87528 34966 89541 21748 24979 60779 21962 63545 24810 46520 99302 94252 24781 96008 86586 75604 86251 30462 78641 55052
715 260
69493 9274 2360 13470 1790 49779 18064 89515 77066 12789 72573 1427 73345 97462 52325 82190 71059 57954 20272 67794 28708 33291 3599 9807 82765 54276 6228 38046 25960 37144 90728 16191 94461 82274 3445 86240 7100 38778 8720 61650 89606 29086 84838 1106 5461 72575 90066 20505 38313 52364 47646 89707 74142 32003 82768 34923 5188 42452 91309 43016 88491 27391 96628 83455 83748 39601 93565 46274 2274 9142 98755 55146 87480 14541 61132 69539 15256 20472 40472 42563 54286 31913 11267 38857 95087 56234 92499 62575 79190 22503 75657 28611 18090 93624 12282 91452 29715 10366 8792 26478 94924 47084 2195 95415 76366 29367 48696 50226 37596 84922 8578 63789 45198 48106 96517 89877 40810 45674 18171 77780 96258 33061 297 71036 89237 88931 36473 27710 12838 48516 59621 47461 66327 78495 97735 55635 93486 32615 35651 23476 19165 69391 73271 36089 40069 14802 96766 73991 87704 42710 43577 71747 47320 77014 97351 33907 28916 23991 9200 87264 95467 30707 22119 36776 47124 79148 64068 86364 34600 42951 134 37168 84483 98305 31442 51015 51670 64546 85380 56416 57661 52538 62280 69290 48531 48405 51148 1317 76384 73167 20348 28172 98903 49702 9380 13861 15708 70752 80404 26945 37775 56411 45661 91394 20585 62113 58056 32786 62434 55339 42807 61290 46539 48646 93310 21993 30120 44958 16990 27104 73577 18606 87417 39223 46021 38574 50230 60979 38674 6760 73799 39660 17113 15226 78774 65435 49307 38176 62379 70439 73789 81281 41137 50886 66249 52440 18394 21414 93625 55037 62511 14866 28928 29268 27450 854 84897 20389 52248 67215
865 250
61770 99365 90118 6337 90079 18737 91778 77953 60741 230 44320 98972 23201 45677 40166 29526 9390 12959 73086 21918 59456 14900 78044 53040 58415 54471 37606 99200 98688 43517 41795 57847 39029 85229 64398 42596 37255 42008 48346 2868 14644 80546 2474 39928 62599 37551 32179 66352 84712 15686 3080 78688 40607 81895 67389 51951 94024 8101 24764 24760 20717 41140 29092 51662 23721 4352 44919 95255 65957 819 40630 81769 32416 32290 44899 53238 29120 6151 91386 20622 60733 80528 92165 72677 1422 8098 60962 9992 48511 72213 33897 46109 62846 88565 86588 25659 73697 3773 17125 99911 60745 63236 61882 71860 64696 88237 71696 54748 1911 68730 70754 5691 5799 87141 81988 89001 63369 15843 63235 37870 66255 72818 75762 21214 50556 70637 12428 20851 16673 72179 9748 73762 91347 5042 73032 20114 67889 47957 51173 44378 89829 50974 68472 31150 52881 36290 35920 36098 19006 81220 97648 23423 22979 94689 89893 45153 16177 2633 28043 83103 63470 71980 51754 33843 50201 63337 64636 34886 4666 23497 31276 7146 24065 67551 2885 91132 13341 46351 95282 30930 866 18072 52483 20609 20619 51303 19768 47741 5515 31129 44073 35897 34356 65558 96412 46029 10491 56571 26256 67838 42245 34485 38470 64464 95324 44871 6749 99580 72326 2261 80624 3271 47830 19772 29529 75970 44050 16262 55764 12289 55005 45776 79230 23173 3259 87468 90440 47666 90228 57627 91703 8194 410 87823 56002 17938 17446 60916 14730 77445 51949 77549 85753 23953 18658 3739 16370 92327 88134 58433
470 238
47336 13536 38690 31256 87290 24321 14251 44017 22483 84083 55943 98460 12856 5216 4495 2489 61768 86202 94367 83031 99606 56759 31532 22387 66947 53014 71556 37406 36739 15692 4833 39888 21715 81443 10577 68976 22299 15986 73747 99570 10399 1330 4153 68051 55796 32803 18724 37951 41456 90417 31480 64986 3218 34097 12521 28847 82466 77467 6486 99839 66900 11121 64218 8326 78995 94501 91405 91640 20792 65502 48680 63017 72456 88245 69337 13926 46961 26832 39940 96495 99491 67003 29849 33288 88626 23795 79670 2116 89366 32433 23422 46598 40824 31855 583 91342 61153 79137 58671 3005 59020 29798 67872 26547 75290 35530 74937 87750 99966 43312 97609 3420 24412 92276 7801 86924 22317 25731 90017 63947 95953 17156 87555 55354 7984 94439 9523 82041 76528 99790 69899 80138 29387 10861 71399 93478 43179 55707 21713 42344 40699 76238 30178 85623 36420 78519 62494 10697 4724 64823 10089 34538 90384 26406 80104 29679 82742 30532 27851 72843 21202 42094 93021 44547 79942 69519 10973 96977 63356 90781 81370 50898 61464 63672 86441 15562 33447 14963 13620 58266 2396 11143 33774 93677 38391 44639 20649 63685 71466 33382 2902 86860 11218 29624 52660 64339 90154 49150 60192 82703 39516 44864 17752 96202 57318 80759 11719 97139 40972 64898 3151 5407 81322 24114 7944 66105 7711 50 97813 86652 47314 70961 86639 10103 44708 60510 73491 87378 23713 61197 45637 65258 72365 27838 35390 3173 68845 46392
160 234
83182 4044 57175 83084 89994 70285 82996 16456 20529 4435 43089 90187 63323 44550 5756 86291 19659 26384 27056 76989 75054 78884 49726 38546 41918 53312 17161 9155 73551 83465 21077 36803 47190 82706 39196 23499 85748 56993 75237 42817 48435 12536 3338 64992 47256 74288 87340 29073 11375 77286 69618 4601 90783 79476 63174 30559 86621 30085 89990 18192 2976 10846 19015 64480 10550 70719 79405 74519 80951 4546 5907 2184 52372 99750 28434 26932 83294 49245 51068 72469 20888 95307 75424 73476 91550 40230 47994 17271 2039 71266 35824 29931 6048 697 74687 21562 99810 73717 68270 18877 44728 47587 24105 28547 25481 44935 56893 14430 13499 96119 48524 32696 36321 48190 80426 29946 1083 2421 1558 88540 48477 84619 139 32822 87315 98406 72202 80501 27554 10589 92486 67033 97953 83222 46822 60350 6268 59814 6203 642 73788 90524 41052 32310 53779 72910 33714 34142 34876 25202 27551 58195 43356 83869 29221 9144 90561 30694 28669 27584 4939 65635 93188 88124 76303 48692 95352 18301 7615 41855 37719 28202 94292 77111 51183 13568 32994 95868 8614 37274 64219 69342 8974 39708 62939 98515 88844 34324 51508 84730 15024 17548 90436 57634 95115 74493 72172 25971 36906 46960 60781 95643 19118 9616 93180 58360 51275 24125 43165 84125 67679 1517 59436 53331 98646 12727 25721 49640 53285 16511 8391 20131 66465 30670 88866 83243 80438 46972 11835 90426 7896 5663 6171 75769
653 232
44713 5642 88790 48369 12420 30078 19201 80860 37212 14584 99382 24475 20611 22360 3517 12887 86000 14067 81700 18695 21367 67413 59353 23893 78318 80425 99360 83795 87767 31335 84495 34985 5413 41281 5476 3184 45304 58388 65051 71665 33545 28415 28186 13699 22912 17764 7271 29430 21243 75752 17593 23952 53006 67597 1954 54168 74499 81247 25664 9674 87720 33297 32794 7640 65542 9570 8076 48716 57519 24356 70996 66238 6134 37598 64827 29885 9454 36724 84781 84297 66029 46846 67762 99048 43125 36998 16909 9111 82710 47100 49116 14059 48453 78199 38237 80038 83865 7143 40588 87301 16856 53011 32528 81853 27216 90897 59978 90735 64340 50675 69631 68375 43640 9948 68694 35770 86278 10789 55298 80981 68364 572 6025 63607 14041 93592 18744 49491 25633 60640 18224 84960 33919 47235 53306 41467 33314 61018 82551 93883 74460 34717 41880 13818 65346 75177 5847 48735 96732 33017 24795 83450 42625 42894 36978 63736 92687 85804 68914 34722 17531 59591 95142 47126 92362 84643 31992 89871 17152 30640 66214 7151 72987 35823 3231 42035 83942 4545 69162 3722 54279 55038 75656 68208 54851 32212 6031 25947 85850 31750 58237 84909 7411 20937 89732 74978 65604 46191 15914 979 44642 44563 36587 43829 75699 97602 99206 65292 85134 40005 44774 49613 87298 25093 8634 42221 2168 33458 25120 84588 37080 97312 99188 30638 50611 26497 58577 58949 8702 30249 41362 53885
151 112
18087 10983 89720 17215 82793 7687 46133 96155 15891 62501 26883 41121 61686 37301 77500 82583 48882 71312 15402 63020 9294 56699 81618 9374 3607 64097 28516 95242 20146 29044 53871 31634 35915 50964 4313 87974 12831 6657 98821 83053 22487 36063 18503 53118 90639 33737 55047 67648 42330 38154 74481 91127 71854 73117 46808 2800 13018 50659 46573 53402 54504 61090 86658 63638 8362 39443 46008 86068 31445 11511 21629 34736 19488 13695 24814 61361 99968 61952 40324 74962 62966 66306 94817 83675 3882 45422 60878 74518 99426 59133 57864 52060 70890 52268 60018 93964 95672 20367 94073 85343 12227 81887 81440 89981 22172 57737 50463 42289 66577 93278 72914 1063
83 226
25711 95686 18647 42420 40811 76005 13868 58713 21620 83374 79442 25475 55304 29491 88277 59007 76351 96017 10698 64874 4081 58265 80406 41179 92500 97635 2125 72682 20735 21903 68527 69267 94031 51920 51166 88069 93839 60693 57969 79068 8644 53802 89611 64727 99711 47475 68047 35456 83050 68514 48443 50744 39194 67146 5578 72943 85256 81048 96116 11286 57196 74178 32253 77475 85974 3685 20161 32325 15519 57677 58647 52793 52858 53270 87966 63604 76228 85757 44898 79937 20128 23976 19248 81451 76006 54177 81124 12656 98905 44188 74491 86142 66741 16516 27544 37907 26470 94260 64177 10118 58110 70585 78480 65230 14162 54585 55843 21703 5766 86369 8603 26698 65309 96803 60341 93362 24393 6779 34914 54149 47953 54807 16639 14474 3366 39440 28510 72151 81727 25830 56606 61837 95793 37919 35862 57291 60053 50035 80980 5771 33505 16985 47905 61238 43677 25702 13672 97142 86547 35564 7253 58935 16782 4039 41771 84613 33632 44158 24454 26697 80500 52460 12064 86344 46938 47166 58478 24774 7532 68474 5080 96975 98060 28970 95619 41951 36343 36474 75321 78090 9076 12745 71796 7446 98169 68093 84871 37313 59253 10156 86787 32053 75344 82690 60967 24560 20955 60087 12628 37911 83648 84282 25287 69763 76390 16537 88382 62636 62223 48331 99314 64732 67453 36627 67581 84034 805 47685 33246 39382 96627 45505 61335 88351 97717 6393
633 222
42876 27027 67540 26251 36487 3399 57935 24123 37087 43068 57334 4970 36761 54254 74091 37849 31022 46719 60879 69848 8355 3447 26701 67696 7265 13100 68678 59646 72401 83022 5237 4398 88689 16492 93663 28087 31236 39488 99205 13377 10924 12861 1181 43629 93512 58968 33302 32458 94650 99555 90898 64027 12920 15077 16789 55281 72647 97585 66982 24671 15427 63070 10980 95853 46669 36716 72016 15305 69890 39847 52339 57388 17121 4839 49447 23441 51255 24572 9221 15097 15122 5808 6086 15149 86594 61243 60632 37638 78025 58335 14177 76015 40745 8198 15628 2290 27016 46248 40797 65097 96968 24196 70431 91761 43704 38458 58324 76855 19733 7175 75540 46810 94545 31282 54025 38709 58702 45658 72717 56329 26729 49368 97095 24649 16279 15206 59181 6778 52887 72789 98836 19378 58580 43216 23054 6664 53916 72868 69249 75467 43981 68616 17372 82088 74710 84346 27183 68864 46646 14205 73024 73355 56997 74976 56323 36919 64813 16244 69466 81982 24315 50635 57110 62409 40288 89949 9261 26218 46501 15232 2596 28788 49183 68003 9459 38125 71392 84401 9303 37099 73106 15719 83662 89060 56763 2546 36112 66400 15606 34488 41925 71223 68958 22856 78743 3176 41723 59255 31610 13600 57719 28543 71206 52585 24289 29734 19993 50094 58370 17777 79773 35846 99704 47292 28438 59149 56704 24174 85025 39363 93275 89943
615 208
68130 94722 40684 97824 62509 81303 77530 8615 72725 85730 3360 54785 91162 33232 53206 5645 30642 1405 86293 76361 93509 71545 79872 92357 22787 85782 38370 96372 95344 54305 70366 14460 29170 72525 15652 97091 3495 72786 97513 46068 15888 57117 10553 53935 2525 77459 28057 38850 38730 33342 16832 4622 73407 7092 732 52168 35134 85854 12059 36786 64437 79144 50647 6314 91521 43460 17291 19546 9812 66032 1454 9020 97628 99049 50200 79329 73712 88841 18403 83083 41146 30824 59364 90921 25807 45194 54965 16833 25485 91570 8837 46181 7861 44101 11649 97992 2994 50663 54273 26271 74363 85417 11643 8992 72154 11023 61994 57019 79304 15330 36422 8787 77104 40309 7766 42994 64192 50305 43613 60051 61221 81086 31231 93349 82681 41629 2321 36881 63419 47567 24925 22960 68073 81711 67436 2623 23428 35451 55828 78941 85550 11559 39097 61724 46237 45879 92553 45363 85086 23216 72481 49286 68197 22105 57455 4565 82284 49543 54261 10636 27548 99177 2166 69784 33156 50382 80952 46335 2550 28491 99321 25849 51343 35298 34665 5125 63527 7169 9866 7153 14701 57704 7353 51819 85228 61368 9000 73641 5820 1245 79427 99310 74620 45006 77976 8497 80680 77364 30951 96069 37802 46074 47218 35120 60983 93160 66859 9283
313 202
23159 90064 72678 94459 79852 92116 95659 96355 17962 14121 23116 16982 60694 4570 13314 17695 33282 17522 27946 80471 46814 28358 49835 20468 71912 65330 16075 68711 95433 45005 8257 78159 55402 21883 97801 26597 43494 68876 72939 62304 36808 49235 72555 25267 11142 54319 61338 47024 17259 27437 18771 46604 60067 60071 88251 33838 28535 49706 89306 39484 43272 86103 59467 36408 82929 38084 91824 75435 81248 95399 41829 80978 17601 91855 78076 8513 92658 40995 8914 77022 44289 52373 55508 56105 91705 19368 4693 46772 15864 70070 27219 85825 45915 2559 13609 64687 89698 25345 56252 56231 6490 70950 79981 22616 71358 17389 67763 25905 56044 74282 91179 63381 62514 23626 40952 41619 84854 47963 36014 48989 31644 17723 29230 14061 53525 28783 59158 61550 11196 24331 31168 36723 80703 42823 67381 98399 77687 42082 15658 47855 28168 44665 925 57014 63624 49651 33131 72980 86208 57910 47148 25978 46828 71183 43421 36789 65017 37233 5702 74479 12860 55759 10774 93936 29324 17318 29041 70257 10749 91381 2634 34902 33595 28270 77204 59962 17471 91493 73875 96070 66845 88411 77425 9013 73691 6671 18163 1091 78190 7387 6254 64301 67086 4973 53639 45214 46613 10468 48258 13222 66698 73156
402 188
28004 40880 47121 91233 39844 44523 69471 85899 86960 78258 31207 38742 76246 69059 86976 49429 66443 73312 85572 97190 82852 91060 72300 14420 47600 96708 19451 72149 87624 28105 85202 36287 83679 67875 18287 41088 70341 19101 54019 23104 77219 34206 91565 92807 97705 78196 83149 98370 50787 24634 64257 60124 47365 6599 33498 28157 19554 45712 33735 67801 58095 34074 85060 51102 97841 20629 71735 33973 76559 47888 35287 48521 49238 93540 19613 19532 96294 6156 80929 52444 94741 70924 36682 4814 63963 60326 53694 30507 80965 79041 18828 97741 40044 8335 63140 53141 40326 45911 74062 58211 71156 97399 22178 33664 56200 77434 2700 44855 35460 30479 80568 49141 14571 87299 55871 17015 12849 90945 80459 1184 65943 44049 46614 51430 79641 65613 47597 78643 51336 3717 40779 93476 54852 24622 32611 57274 17793 82343 53193 90280 30354 2879 5646 50050 30074 78422 72578 79108 27478 61282 54678 9645 56361 25834 33336 78588 27765 49802 32995 59527 2891 13288 72176 1628 46840 8150 14838 46433 28996 84639 20155 9588 30539 73597 55015 84499 26455 52280 12580 88612 43816 74132 22790 10780 26015 91138 84956 45633
505 178
6305 73484 40865 93984 50471 34322 86733 33795 24213 10181 7310 84616 93954 93208 520 89212 74660 61019 81993 31320 39841 71018 93664 83353 47070 88886 28656 18235 23910 7867 27262 5058 7916 51039 56524 37125 14147 72071 8210 77851 90766 34559 94840 17313 5169 30464 36935 97751 66665 37279 60398 5206 36705 8826 63150 27658 68731 1682 57800 76013 16339 27964 45248 42595 77869 48360 29139 58832 51429 29456 29936 25999 77395 65522 5199 10925 18418 69447 35834 84 29981 45960 7799 36443 78689 80636 78490 32045 5036 76448 1425 21247 33955 45053 58889 33491 87856 58204 65475 27616 57913 37182 95345 82307 85695 1691 94473 45353 29140 21889 64526 86189 14839 96650 7688 26209 97762 85042 87658 15407 25133 53658 79790 4154 52893 46466 13454 57881 72131 74494 32519 79339 49664 93229 98848 25276 89583 56838 88372 24665 77414 52176 65453 79904 48571 47114 73146 25923 46064 85362 74073 70403 63744 56492 26118 4672 90650 75925 49674 83597 71606 68499 1688 55729 49170 47426 62153 12325 23488 2743 12489 71952 14488 34940 25486 72075 3899 82387
662 166
56641 46804 25277 77122 3814 5900 13250 18022 71261 14079 22011 32262 48333 85227 27273 40645 56731 49522 55111 85696 39152 32313 99498 85683 75475 30492 28630 16070 26965 26129 80675 91252 33387 91073 18359 69820 28904 72798 3584 7181 69775 25658 94245 90444 57345 73741 55624 48177 73843 78691 7054 24091 4756 44139 7432 42935 22761 18085 78321 17287 43966 70128 73092 20535 57839 16367 72356 44304 85809 98267 65077 87515 47082 52996 38399 84985 61536 53102 4796 41614 25450 19038 50598 85726 24395 90458 34425 6591 54929 52486 43053 66555 8642 2729 14962 52467 73860 98419 28299 14826 82181 10786 54905 89034 99157 79121 10699 15107 60477 17762 50019 3956 60316 72632 3958 16827 72835 45841 8728 71500 80051 22558 24430 5825 77520 52511 8780 72979 59641 92093 49763 89409 91256 87659 92009 87136 58016 48189 20790 25490 14119 52404 40312 87573 84994 19107 46292 64693 69473 47835 9731 86182 25848 70414 52198 89483 68090 93687 15262 1995 83185 65787 9888 16049 98260 73713
55 158
69948 88746 93272 29133 96730 90708 69459 82520 74247 36685 57229 63189 39939 4614 5662 97962 60383 98358 27594 39480 12951 58314 45179 99852 78648 39639 48925 17189 61524 22356 35602 17130 16941 30292 54512 25371 23518 40814 16911 57253 54013 88918 35971 60171 10527 57752 17218 42486 39226 55450 36234 11732 26196 28267 73462 45686 47510 5944 34087 90346 23946 51498 66626 4020 50456 63403 2638 58099 37915 23089 34052 96105 76515 78300 58870 70247 18025 27407 49823 46252 96555 54758 5848 66167 8322 45894 60970 77129 52159 36055 73142 87459 22988 70384 51903 58407 32019 44197 22501 23704 12255 87470 22621 1111 51320 51854 72719 15478 28537 95431 14489 87245 89411 43240 25699 25885 3174 82358 93673 23036 1365 64190 61263 35473 39527 13025 56855 2825 48438 82911 65657 29682 26389 49278 83075 75482 92370 96741 99133 96720 23478 50941 8716 78929 84491 16415 74041 37278 83326 51844 64273 44511 94402 99655 24231 37917 90577 11602
127 140
49908 72384 12150 86599 59556 99009 74905 58631 67602 49743 45015 17235 58346 33798 95403 37362 1766 67887 21487 49427 55718 44330 49000 26210 41100 701 32609 38872 19256 35884 67779 84162 67513 82854 48830 56976 1234 54583 98806 96353 78810 36863 59439 12334 1288 35079 81770 44801 54306 53665 51026 66747 9069 79324 25610 98245 78144 29711 146 39428 62321 3477 86217 74451 71760 20954 8091 15497 42260 33368 10123 98109 72133 86077 65047 334 15346 57771 68257 96790 3586 62259 16198 15474 87445 12485 54105 69002 82984 3623 21776 62755 97013 64478 43747 60106 78745 4678 31075 81604 19861 50387 7084 92209 40132 54753 81810 47062 13128 12747 7789 53355 73291 74737 55441 70296 42622 77407 36012 39984 9734 81760 19631 21083 81407 1266 9987 1608 1860 89793 38712 5056 69426 97572 22265 11456 93441 26769 15488 9961
483 134
9602 12421 16932 32125 3573 95369 25686 526 51679 13596 13404 85729 94385 97794 72821 71396 16428 8835 48425 57009 43274 93255 47815 34420 9536 90296 19743 90024 35987 78499 21105 85539 91258 8042 69336 94845 46010 98714 79290 22212 85180 91457 28251 16090 742 89121 77624 35296 2718 69863 58953 21846 24188 48380 76194 43512 23232 25589 99664 16203 17857 6342 62764 3095 10796 59553 47243 61806 67684 33580 22924 4328 49633 56948 48287 4870 5869 16270 61208 7680 9449 62856 22161 27169 60407 1218 84800 63768 67800 28127 29871 95939 89241 98288 61328 89730 36142 81758 53655 613 21491 29160 49978 86004 26219 38464 20813 43289 40672 41041 29255 76884 27179 97952 75239 70725 27159 15152 50892 14535 9947 67917 2097 26448 43827 84214 23507 4493 22283 77592 44897 61685 78748 11358
298 120
69352 91924 40688 45325 47149 29176 3558 88266 43440 97819 18232 72679 23124 93464 85703 83157 2592 32051 9705 52163 73955 34243 80044 81915 77058 12961 9125 86832 90776 72495 9615 4445 26805 22977 7954 24167 33537 77298 87791 55170 62536 72060 38760 118 38939 68353 86713 67497 60359 2680 9113 95943 88253 77466 6313 70455 80711 35885 67172 64180 18162 35331 95804 16907 10128 74537 88520 82040 96577 51033 28468 45457 55205 14326 46160 19044 10937 2857 63608 76365 98079 38404 57408 42501 61661 48375 64073 87226 88531 39632 36184 38167 38737 85521 43588 62187 3452 40620 53023 99354 666 71325 64918 64079 38837 51929 42399 74446 80531 47305 26453 56572 50494 33575 89790 9563 46910 78483 49865 99066
606 116
4326 40234 29858 7649 53979 70537 66632 72722 32722 29397 76225 13932 10476 20167 72409 42015 61115 50187 1183 94554 74394 5653 87859 57199 72345 96325 20484 26924 37938 91420 97371 99950 26222 60339 8245 27912 11302 1135 84226 11785 3275 39078 44403 90614 86966 39216 69689 72127 43420 38940 46861 81670 68709 98655 22497 67979 10389 18454 95858 87777 41517 60698 21442 50398 83553 67258 58963 52588 31462 71527 65365 63272 22629 20580 80757 38461 61571 9656 58731 82011 74822 44079 26765 69765 46295 75181 10544 65758 54038 44042 40349 60963 47702 20224 18137 8731 23751 51542 63825 77550 58312 15062 72950 63427 498 98593 60725 30197 42943 79390 43632 22560 36797 88465 36274 22760
102 110
41702 86468 67211 11989 95110 82778 64136 90622 62114 84164 15144 5686 60446 81287 64631 66459 27552 64267 60509 42132 76878 38665 49280 30258 92992 46107 30229 43933 57407 61732 97235 3446 2728 82101 55976 64206 42041 44190 77963 83727 89426 10777 93300 21540 89765 93610 95640 63179 61565 82091 87196 65345 37199 82135 62000 27009 8050 56116 76282 7303 56623 14514 81994 8889 66764 89574 33347 92703 17226 59173 38632 40815 13897 34660 17643 39623 28965 32091 88854 24798 89436 10916 29623 15416 42765 47189 68115 12893 8799 36950 78233 76108 85234 4983 23477 11378 29639 64694 61350 97353 25095 54470 52292 33657 47613 99714 1435 47478 22893 74034
614 102
25438 19268 95091 34892 37888 94752 5078 71496 2145 85367 59883 4487 94680 55761 38332 38976 61899 25069 66822 35329 70124 80136 11905 86475 80369 30050 19198 25248 46967 75150 6376 2688 57195 40275 58374 89749 13152 38021 41582 67701 18306 36306 91839 38040 65194 78055 36569 40847 7066 89465 57149 19630 86426 37277 63731 8249 25910 72438 93003 69155 27602 13361 53345 68268 72336 5201 79493 87342 76076 15634 40817 71620 43127 99778 48176 44932 70677 82664 7827 74380 19497 19967 81924 98007 70111 93065 3335 88916 1887 7625 77566 45398 49403 19906 67824 31412 28012 17830 88056 87077 95289 10208
676 100
70329 8793 14586 16028 32726 37267 20439 49108 19299 22631 68321 87810 93749 16477 89370 81742 39682 10210 26714 64634 65884 75079 9540 63919 62427 39174 88732 1980 84896 44478 27176 40778 25857 42375 49905 63634 4876 54874 5953 46739 37559 84983 79040 54854 9182 1921 10761 91175 67136 25570 24216 66766 78999 56126 45525 4011 37962 5333 33830 77807 51445 91345 95117 8071 38578 32473 21917 49667 95220 59130 21789 65575 32942 78041 45475 54714 46734 52089 83443 38476 35072 38641 45871 63395 38278 17007 63795 84150 93454 89823 96992 10071 95781 56750 83089 11433 17033 87123 37595 50566
71 98
44228 35812 91607 22682 42006 85063 52746 69687 61220 76916 31889 46324 19865 26950 24012 14011 73777 92466 79099 44125 60924 27082 43307 41328 3986 53237 32871 81171 92455 93579 7134 78755 61148 36069 90369 73888 55672 40536 66731 27003 46046 82956 45588 47050 33804 9949 94797 32357 33812 16592 86770 17579 80491 97545 81452 22379 67912 68761 6195 38867 24334 26934 67869 56702 74952 57414 36894 33620 3200 38239 73738 41334 71052 67592 18554 1406 25390 48040 57172 76171 79690 41928 20935 73918 36475 51992 3974 78552 91076 31222 46941 83779 68333 11095 11814 37980 17905 60590
457 94
6781 39947 76309 51441 60380 73184 76975 34263 69129 61081 30316 51513 83689 68430 45380 40444 25054 5518 86158 30947 82188 41066 91061 83953 23474 88295 13374 62043 48385 10818 30547 37028 99181 80196 91915 4083 64989 351 42635 25021 41007 47919 8316 56403 47229 34178 6111 97168 63094 55808 93202 62432 54308 35165 4648 75456 94663 90522 8882 96725 94057 97378 57687 93723 78950 2560 10191 8487 24898 84161 24214 95571 33328 93574 43374 29463 76249 943 54853 51402 22339 46337 94766 20700 50466 10639 68891 49218 24486 66349 39337 52804 82291 82350
353 86
39595 42178 90635 98185 73049 77951 83165 17390 76992 78681 53389 26587 53342 76550 91209 7716 58709 8820 92594 69183 33208 39714 64927 20085 93786 10955 51289 90827 16757 95926 86413 72090 11295 23683 49652 48355 3827 92237 89789 65624 17844 94030 53259 52685 79668 86729 55321 32867 30574 89309 77330 36460 18627 78326 20602 53791 59949 62647 61734 33950 73808 96910 61336 59490 92865 50172 99089 56746 31736 59596 27562 14708 81645 80821 85602 28672 12206 4371 85965 87554 3064 92383 21653 73537 80761 96344
621 82
7007 99815 43633 56004 45207 30461 90736 25457 34218 99955 93451 35924 99758 31739 42801 38911 76894 23181 14910 120 54830 77379 97866 33348 85232 13108 25754 30872 47974 89190 5788 35747 70322 95098 49610 83345 42852 28288 1660 43916 70089 85404 67544 59391 15698 18521 16001 23040 78472 2914 96590 45220 44940 19844 9772 68086 40040 22852 10469 88362 48932 76492 83405 50483 96641 71064 59206 45244 85200 2415 14340 91178 68704 51922 96030 22346 69176 62682 74243 79394 72630 15260
466 80
53423 10384 3166 98765 23886 95594 55399 72710 12592 51645 50519 41219 92438 72760 35376 64088 13373 13302 47564 38958 75787 34435 95850 46764 94004 50740 81557 96430 18688 90302 40274 73834 52267 93633 85607 89214 14926 17188 16351 39618 28044 8941 57532 26411 37261 62680 59602 67769 56025 63647 79622 36046 20523 39412 19158 21335 44430 93894 66785 98633 18899 69503 23966 87635 36954 1949 15896 16943 4375 18062 14275 90675 6012 31120 60020 24423 69970 26349 82505 158
101 70
70420 46837 3126 86687 84929 66557 16733 32195 1876 18977 95127 29223 22769 95164 3944 56188 72865 46763 85837 17808 59400 77295 4423 69772 36928 56117 35459 94940 36799 59284 49627 32449 4831 42620 53662 29961 37906 5986 75661 54383 42675 9871 4646 43249 46993 47353 15016 219 97356 2324 51008 28489 51350 57778 73749 25873 5117 54941 19732 4705 6638 76969 77406 45837 2641 49714 66724 50517 88900 8848
506 68
87990 99202 32300 99245 2206 31797 58077 15334 52873 56889 76442 96492 16927 14896 50262 93336 87634 41187 89290 81271 8035 85346 83263 48347 93069 5842 44322 3254 42148 85556 97649 60057 81639 45371 58357 85716 84649 96441 12400 84092 9154 12280 37540 10283 77155 98287 54436 34144 48578 54147 12497 57754 85440 83677 81069 7081 21610 95668 86237 52291 61398 55986 66245 45213 48157 19791 82806 4188
602 66
84532 80149 34447 87103 48902 72778 56350 45509 16175 75199 87043 78998 29606 52915 47304 52434 73459 40443 25157 59076 89655 94517 28316 94488 945 43304 95532 27222 76057 58488 9680 96588 82780 78361 4612 86078 12431 24933 7233 83115 15944 72231 83074 58785 7877 92390 81079 50271 24691 40108 728 36266 64543 24992 81788 96305 95975 30544 48783 54046 26656 13485 59815 37530 87100 38826
665 64
80658 60152 59584 62136 45427 37131 1302 44061 65163 89127 78711 91630 89373 67018 12775 40601 91369 36997 92551 39284 98442 71039 63661 23043 71922 59367 41414 94509 70300 62584 80927 83735 86474 18252 88475 48998 64862 43045 38638 89351 28387 35003 85566 20568 73063 13707 29750 5034 34778 3131 27654 29779 51067 77212 29850 64770 86953 15296 93510 85684 54458 25392 99809 3114
244 62
60015 93831 16061 91137 20090 9287 51756 37811 37819 97645 60343 13980 77437 60433 57221 50656 50465 76634 12464 12361 27115 94648 83347 43022 36952 65660 38081 60532 33487 89854 35281 32790 27608 83378 91619 92404 28729 7784 18422 21951 44121 65116 38418 68195 45913 88106 21463 79800 41741 4364 9726 41652 39137 14398 64228 87752 1224 63494 4280 49797 69380 54365
475 54
35278 52786 49102 90533 10201 29257 7208 90803 49906 71474 15855 18714 35841 37748 19232 58260 34186 65364 38664 37314 67004 69830 43842 78593 70375 82298 10121 21679 67357 13618 5343 34945 27081 33489 33935 7849 33613 55062 18571 81621 10107 44673 21764 92710 67064 19979 94170 62422 59615 28937 24522 86663 62964 57705
390 52
38322 54223 12448 92126 70081 27842 92834 55117 55837 90755 41465 75438 47204 77220 32605 10316 52593 95199 1052 5919 42186 26273 90098 32904 44258 38467 81752 69959 46928 45993 68625 46973 93363 16558 57276 3651 610 2200 85353 54975 5572 59911 12051 40764 17401 32403 81940 41501 45534 21823 1437 55178
777 34
35151 25932 53569 35359 85956 9865 48861 44312 19731 91484 72257 83576 60329 3474 43271 73431 66788 37120 10015 96612 83559 44269 42696 75995 51710 93022 41679 55369 90403 5124 1296 68255 25907 11139
323 32
47917 76657 89716 26558 73719 41407 90606 49188 96314 19825 33994 4774 14348 57676 83364 86281 51793 10977 67626 90888 9415 86090 5778 54883 23384 70485 9352 40373 34028 33760 784 59526
717 30
5671 64958 53434 58672 6429 90711 75744 34187 52134 93345 43957 98351 39612 10435 75354 13877 41628 56857 80105 77469 19991 81891 80415 75294 5947 87644 35046 62172 60201 99158
504 24
84208 75835 95375 59571 2235 69580 4038 4924 21618 56553 77804 82954 60140 29587 34682 74892 1873 53857 44483 74355 30800 82763 8317 47823
828 20
27970 57939 15865 7049 38851 54623 74590 8436 60348 12346 93150 85271 97658 93668 80041 16604 61159 57720 68698 84758
932 12
38038 43283 15649 53347 37385 82749 30257 28374 11944 55153 54726 73376
445 2
94605 86091
